[0.308, 0.3985, 0.3925]
[0.3985, 0.3925, 0.334]
[0.3925, 0.334, 0.3405]
[0.334, 0.3405, 0.4915]
[0.3405, 0.4915, 0.4665]
[0.4915, 0.4665, 0.4265]
[0.4665, 0.4265, 0.471]
[0.4265, 0.471, 0.458]
[0.471, 0.458, 0.419]
[0.458, 0.419, 0.46649999999999997]
[0.419, 0.46649999999999997, 0.399]
[0.46649999999999997, 0.399, 0.454]
[0.399, 0.454, 0.4575]
[0.454, 0.4575, 0.383]
[0.4575, 0.383, 0.4665]
[0.383, 0.4665, 0.4485]
[0.4665, 0.4485, 0.479]
[0.4485, 0.479, 0.351]
[0.479, 0.351, 0.38799999999999996]
[0.351, 0.38799999999999996, 0.40449999999999997]
[0.38799999999999996, 0.40449999999999997, 0.363]
[0.40449999999999997, 0.363, 0.3475]
[0.363, 0.3475, 0.359]
[0.3475, 0.359, 0.4705]
[0.359, 0.4705, 0.34750000000000003]
[0.4705, 0.34750000000000003, 0.359]
[0.34750000000000003, 0.359, 0.39599999999999996]
[0.359, 0.39599999999999996, 0.3085]
[0.39599999999999996, 0.3085, 0.4075]
[0.3085, 0.4075, 0.3555]
[0.4075, 0.3555, 0.4385]
[0.3555, 0.4385, 0.35]
[0.4385, 0.35, 0.3155]
[0.35, 0.3155, 0.331]
[0.3155, 0.331, 0.3585]
[0.331, 0.3585, 0.393]
[0.3585, 0.393, 0.32999999999999996]
[0.393, 0.32999999999999996, 0.34199999999999997]
[0.32999999999999996, 0.34199999999999997, 0.3935]
[0.34199999999999997, 0.3935, 0.3375]
[0.3935, 0.3375, 0.4425]
[0.3375, 0.4425, 0.441]
[0.4425, 0.441, 0.504]
[0.441, 0.504, 0.438]
[0.504, 0.438, 0.4395]
[0.438, 0.4395, 0.451]
[0.4395, 0.451, 0.4875]
[0.451, 0.4875, 0.3815]
[0.4875, 0.3815, 0.495]
[0.3815, 0.495, 0.395]
[0.495, 0.395, 0.5045]
[0.395, 0.5045, 0.3685]
[0.5045, 0.3685, 0.6255000000000001]
[0.3685, 0.6255000000000001, 0.378]
[0.6255000000000001, 0.378, 0.4965]
[0.378, 0.4965, 0.4955]
[0.4965, 0.4955, 0.4965]
[0.4955, 0.4965, 0.446]
[0.4965, 0.446, 0.41150000000000003]
[0.446, 0.41150000000000003, 0.424]
[0.41150000000000003, 0.424, 0.4435]
[0.424, 0.4435, 0.5135]
[0.4435, 0.5135, 0.446]
[0.5135, 0.446, 0.48300000000000004]
[0.446, 0.48300000000000004, 0.5785]
[0.48300000000000004, 0.5785, 0.44]
[0.5785, 0.44, 0.4945]
[0.44, 0.4945, 0.3525]
[0.4945, 0.3525, 0.405]
[0.3525, 0.405, 0.395]
[0.405, 0.395, 0.34600000000000003]
[0.395, 0.34600000000000003, 0.533]
[0.34600000000000003, 0.533, 0.4055]
[0.533, 0.4055, 0.573]
[0.4055, 0.573, 0.383]
[0.573, 0.383, 0.45449999999999996]
[0.383, 0.45449999999999996, 0.44400000000000006]
[0.45449999999999996, 0.44400000000000006, 0.40700000000000003]
[0.44400000000000006, 0.40700000000000003, 0.438]
[0.40700000000000003, 0.438, 0.4845]
[0.438, 0.4845, 0.48350000000000004]
[0.4845, 0.48350000000000004, 0.494]
[0.48350000000000004, 0.494, 0.4115]
[0.494, 0.4115, 0.397]
[0.4115, 0.397, 0.4475]
[0.397, 0.4475, 0.4525]
[0.4475, 0.4525, 0.499]
[0.4525, 0.499, 0.44999999999999996]
[0.499, 0.44999999999999996, 0.44899999999999995]
[0.44999999999999996, 0.44899999999999995, 0.4]
[0.44899999999999995, 0.4, 0.44899999999999995]
[0.4, 0.44899999999999995, 0.46099999999999997]
[0.44899999999999995, 0.46099999999999997, 0.5165]
[0.46099999999999997, 0.5165, 0.44699999999999995]
[0.5165, 0.44699999999999995, 0.4825]
[0.44699999999999995, 0.4825, 0.45599999999999996]
[0.4825, 0.45599999999999996, 0.44099999999999995]
[0.45599999999999996, 0.44099999999999995, 0.491]
[0.44099999999999995, 0.491, 0.3775]
[0.491, 0.3775, 0.4335]
[0.3775, 0.4335, 0.5205]
[0.4335, 0.5205, 0.4385]
[0.5205, 0.4385, 0.5115000000000001]
[0.4385, 0.5115000000000001, 0.4]
[0.5115000000000001, 0.4, 0.43500000000000005]
[0.4, 0.43500000000000005, 0.5015000000000001]
[0.43500000000000005, 0.5015000000000001, 0.48850000000000005]
[0.5015000000000001, 0.48850000000000005, 0.4095]
[0.48850000000000005, 0.4095, 0.45999999999999996]
[0.4095, 0.45999999999999996, 0.514]
[0.45999999999999996, 0.514, 0.4465]
[0.514, 0.4465, 0.39349999999999996]
[0.4465, 0.39349999999999996, 0.386]
[0.39349999999999996, 0.386, 0.4405]
[0.386, 0.4405, 0.37850000000000006]
[0.4405, 0.37850000000000006, 0.40149999999999997]
[0.37850000000000006, 0.40149999999999997, 0.4395]
[0.40149999999999997, 0.4395, 0.4445]
[0.4395, 0.4445, 0.524]
[0.4445, 0.524, 0.4555]
[0.524, 0.4555, 0.4505]
[0.4555, 0.4505, 0.54]
[0.4505, 0.54, 0.5055000000000001]
[0.54, 0.5055000000000001, 0.493]
[0.5055000000000001, 0.493, 0.45599999999999996]
[0.493, 0.45599999999999996, 0.4205]
[0.45599999999999996, 0.4205, 0.5015000000000001]
[0.4205, 0.5015000000000001, 0.457]
[0.5015000000000001, 0.457, 0.419]
[0.457, 0.419, 0.4645]
[0.419, 0.4645, 0.5375]
[0.4645, 0.5375, 0.497]
[0.5375, 0.497, 0.4425]
[0.497, 0.4425, 0.47300000000000003]
[0.4425, 0.47300000000000003, 0.447]
[0.47300000000000003, 0.447, 0.381]
[0.447, 0.381, 0.4435]
[0.381, 0.4435, 0.523]
[0.4435, 0.523, 0.5395]
[0.523, 0.5395, 0.5355]
[0.5395, 0.5355, 0.5055000000000001]
[0.5355, 0.5055000000000001, 0.521]
[0.5055000000000001, 0.521, 0.4205]
[0.521, 0.4205, 0.43]
[0.4205, 0.43, 0.493]
[0.43, 0.493, 0.5015000000000001]
[0.493, 0.5015000000000001, 0.5015000000000001]
[0.5015000000000001, 0.5015000000000001, 0.598]
[0.5015000000000001, 0.598, 0.5205]
[0.598, 0.5205, 0.497]
[0.5205, 0.497, 0.5055000000000001]
[0.497, 0.5055000000000001, 0.5015000000000001]
[0.5055000000000001, 0.5015000000000001, 0.524]
[0.5015000000000001, 0.524, 0.4665]
[0.524, 0.4665, 0.5055000000000001]
[0.4665, 0.5055000000000001, 0.592]
[0.5055000000000001, 0.592, 0.5785]
[0.592, 0.5785, 0.5785]
[0.5785, 0.5785, 0.4885]
[0.5785, 0.4885, 0.599]
[0.4885, 0.599, 0.502]
[0.599, 0.502, 0.558]
[0.502, 0.558, 0.516]
[0.558, 0.516, 0.5055000000000001]
[0.516, 0.5055000000000001, 0.4525]
[0.5055000000000001, 0.4525, 0.5285]
[0.4525, 0.5285, 0.573]
[0.5285, 0.573, 0.5925]
[0.573, 0.5925, 0.4335]
[0.5925, 0.4335, 0.592]
[0.4335, 0.592, 0.503]
[0.592, 0.503, 0.44]
[0.503, 0.44, 0.48450000000000004]
[0.44, 0.48450000000000004, 0.4505]
[0.48450000000000004, 0.4505, 0.4505]
[0.4505, 0.4505, 0.524]
[0.4505, 0.524, 0.535]
[0.524, 0.535, 0.44899999999999995]
[0.535, 0.44899999999999995, 0.43]
[0.44899999999999995, 0.43, 0.6275]
[0.43, 0.6275, 0.5425]
[0.6275, 0.5425, 0.5425]
[0.5425, 0.5425, 0.48850000000000005]
[0.5425, 0.48850000000000005, 0.5425]
[0.48850000000000005, 0.5425, 0.48050000000000004]
[0.5425, 0.48050000000000004, 0.43500000000000005]
[0.48050000000000004, 0.43500000000000005, 0.549]
[0.43500000000000005, 0.549, 0.4955]
[0.549, 0.4955, 0.5]
[0.4955, 0.5, 0.4605]
[0.5, 0.4605, 0.5445]
[0.4605, 0.5445, 0.4645]
[0.5445, 0.4645, 0.446]
[0.4645, 0.446, 0.6705]
[0.446, 0.6705, 0.5445]
[0.6705, 0.5445, 0.535]
[0.5445, 0.535, 0.535]
[0.535, 0.535, 0.5895]
[0.535, 0.5895, 0.5235]
[0.5895, 0.5235, 0.549]
[0.5235, 0.549, 0.5935]
[0.549, 0.5935, 0.541]
[0.5935, 0.541, 0.5345]
[0.541, 0.5345, 0.5965]
[0.5345, 0.5965, 0.5375]
[0.5965, 0.5375, 0.521]
[0.5375, 0.521, 0.4615]
[0.521, 0.4615, 0.455]
[0.4615, 0.455, 0.48050000000000004]
[0.455, 0.48050000000000004, 0.517]
[0.48050000000000004, 0.517, 0.4565]
[0.517, 0.4565, 0.43100000000000005]
[0.4565, 0.43100000000000005, 0.46349999999999997]
[0.43100000000000005, 0.46349999999999997, 0.448]
[0.46349999999999997, 0.448, 0.3815]
[0.448, 0.3815, 0.41150000000000003]
[0.3815, 0.41150000000000003, 0.455]
[0.41150000000000003, 0.455, 0.47650000000000003]
[0.455, 0.47650000000000003, 0.3815]
[0.47650000000000003, 0.3815, 0.5335]
[0.3815, 0.5335, 0.533]
[0.5335, 0.533, 0.4545]
[0.533, 0.4545, 0.4925]
[0.4545, 0.4925, 0.3835]
[0.4925, 0.3835, 0.532]
[0.3835, 0.532, 0.497]
[0.532, 0.497, 0.48450000000000004]
[0.497, 0.48450000000000004, 0.506]
[0.48450000000000004, 0.506, 0.4005]
[0.506, 0.4005, 0.4465]
[0.4005, 0.4465, 0.4555]
[0.4465, 0.4555, 0.463]
[0.4555, 0.463, 0.53]
[0.463, 0.53, 0.4925]
[0.53, 0.4925, 0.51]
[0.4925, 0.51, 0.46900000000000003]
[0.51, 0.46900000000000003, 0.479]
[0.46900000000000003, 0.479, 0.452]
[0.479, 0.452, 0.391]
[0.452, 0.391, 0.482]
[0.391, 0.482, 0.406]
[0.482, 0.406, 0.3375]
[0.406, 0.3375, 0.341]
[0.3375, 0.341, 0.3185]
[0.341, 0.3185, 0.36350000000000005]
[0.3185, 0.36350000000000005, 0.4035]
[0.36350000000000005, 0.4035, 0.378]
[0.4035, 0.378, 0.391]
[0.378, 0.391, 0.37250000000000005]
[0.391, 0.37250000000000005, 0.358]
[0.37250000000000005, 0.358, 0.401]
[0.358, 0.401, 0.342]
[0.401, 0.342, 0.5335]
[0.342, 0.5335, 0.403]
[0.5335, 0.403, 0.455]
[0.403, 0.455, 0.481]
[0.455, 0.481, 0.49]
[0.481, 0.49, 0.455]
[0.49, 0.455, 0.45]
[0.455, 0.45, 0.4]
[0.45, 0.4, 0.4615]
[0.4, 0.4615, 0.41250000000000003]
[0.4615, 0.41250000000000003, 0.3405]
[0.41250000000000003, 0.3405, 0.396]
[0.3405, 0.396, 0.349]
[0.396, 0.349, 0.4005]
[0.349, 0.4005, 0.455]
[0.4005, 0.455, 0.48]
[0.455, 0.48, 0.518]
[0.48, 0.518, 0.536]
[0.518, 0.536, 0.483]
[0.536, 0.483, 0.4]
[0.483, 0.4, 0.5775]
[0.4, 0.5775, 0.535]
[0.5775, 0.535, 0.3975]
[0.535, 0.3975, 0.40800000000000003]
[0.3975, 0.40800000000000003, 0.481]
[0.40800000000000003, 0.481, 0.39449999999999996]
[0.481, 0.39449999999999996, 0.3815]
[0.39449999999999996, 0.3815, 0.47150000000000003]
[0.3815, 0.47150000000000003, 0.4415]
[0.47150000000000003, 0.4415, 0.3535]
[0.4415, 0.3535, 0.49]
[0.3535, 0.49, 0.47150000000000003]
[0.49, 0.47150000000000003, 0.351]
[0.47150000000000003, 0.351, 0.4055]
[0.351, 0.4055, 0.357]
[0.4055, 0.357, 0.48350000000000004]
[0.357, 0.48350000000000004, 0.358]
[0.48350000000000004, 0.358, 0.48550000000000004]
[0.358, 0.48550000000000004, 0.49250000000000005]
[0.48550000000000004, 0.49250000000000005, 0.44000000000000006]
