[0.3805, 0.358, 0.3525]
[0.358, 0.3525, 0.348]
[0.3525, 0.348, 0.316]
[0.348, 0.316, 0.311]
[0.316, 0.311, 0.32599999999999996]
[0.311, 0.32599999999999996, 0.343]
[0.32599999999999996, 0.343, 0.312]
[0.343, 0.312, 0.28600000000000003]
[0.312, 0.28600000000000003, 0.313]
[0.28600000000000003, 0.313, 0.3605]
[0.313, 0.3605, 0.356]
[0.3605, 0.356, 0.27849999999999997]
[0.356, 0.27849999999999997, 0.3725]
[0.27849999999999997, 0.3725, 0.3085]
[0.3725, 0.3085, 0.3545]
[0.3085, 0.3545, 0.32949999999999996]
[0.3545, 0.32949999999999996, 0.3175]
[0.32949999999999996, 0.3175, 0.353]
[0.3175, 0.353, 0.2995]
[0.353, 0.2995, 0.282]
[0.2995, 0.282, 0.2995]
[0.282, 0.2995, 0.282]
[0.2995, 0.282, 0.34700000000000003]
[0.282, 0.34700000000000003, 0.357]
[0.34700000000000003, 0.357, 0.331]
[0.357, 0.331, 0.376]
[0.331, 0.376, 0.3425]
[0.376, 0.3425, 0.34500000000000003]
[0.3425, 0.34500000000000003, 0.3885]
[0.34500000000000003, 0.3885, 0.3865]
[0.3885, 0.3865, 0.32849999999999996]
[0.3865, 0.32849999999999996, 0.3545]
[0.32849999999999996, 0.3545, 0.34500000000000003]
[0.3545, 0.34500000000000003, 0.3545]
[0.34500000000000003, 0.3545, 0.356]
[0.3545, 0.356, 0.3165]
[0.356, 0.3165, 0.3585]
[0.3165, 0.3585, 0.3585]
[0.3585, 0.3585, 0.3925]
[0.3585, 0.3925, 0.3565]
[0.3925, 0.3565, 0.341]
[0.3565, 0.341, 0.318]
[0.341, 0.318, 0.3155]
[0.318, 0.3155, 0.34400000000000003]
[0.3155, 0.34400000000000003, 0.3925]
[0.34400000000000003, 0.3925, 0.2825]
[0.3925, 0.2825, 0.32]
[0.2825, 0.32, 0.3895]
[0.32, 0.3895, 0.3925]
[0.3895, 0.3925, 0.3195]
[0.3925, 0.3195, 0.3425]
[0.3195, 0.3425, 0.368]
[0.3425, 0.368, 0.34]
[0.368, 0.34, 0.358]
[0.34, 0.358, 0.356]
[0.358, 0.356, 0.3115]
[0.356, 0.3115, 0.34400000000000003]
[0.3115, 0.34400000000000003, 0.356]
[0.34400000000000003, 0.356, 0.3925]
[0.356, 0.3925, 0.3685]
[0.3925, 0.3685, 0.41200000000000003]
[0.3685, 0.41200000000000003, 0.353]
[0.41200000000000003, 0.353, 0.3115]
[0.353, 0.3115, 0.23349999999999999]
[0.3115, 0.23349999999999999, 0.3275]
[0.23349999999999999, 0.3275, 0.253]
[0.3275, 0.253, 0.35850000000000004]
[0.253, 0.35850000000000004, 0.3245]
[0.35850000000000004, 0.3245, 0.394]
[0.3245, 0.394, 0.2995]
[0.394, 0.2995, 0.3835]
[0.2995, 0.3835, 0.33499999999999996]
[0.3835, 0.33499999999999996, 0.39]
[0.33499999999999996, 0.39, 0.3995]
[0.39, 0.3995, 0.448]
[0.3995, 0.448, 0.4775]
[0.448, 0.4775, 0.4505]
[0.4775, 0.4505, 0.4295]
[0.4505, 0.4295, 0.4365]
[0.4295, 0.4365, 0.4615]
[0.4365, 0.4615, 0.455]
[0.4615, 0.455, 0.377]
[0.455, 0.377, 0.4475]
[0.377, 0.4475, 0.3715]
[0.4475, 0.3715, 0.411]
[0.3715, 0.411, 0.39]
[0.411, 0.39, 0.4515]
[0.39, 0.4515, 0.411]
[0.4515, 0.411, 0.397]
[0.411, 0.397, 0.3935]
[0.397, 0.3935, 0.3595]
[0.3935, 0.3595, 0.2565]
[0.3595, 0.2565, 0.34299999999999997]
[0.2565, 0.34299999999999997, 0.311]
[0.34299999999999997, 0.311, 0.307]
[0.311, 0.307, 0.3945]
[0.307, 0.3945, 0.2855]
[0.3945, 0.2855, 0.317]
[0.2855, 0.317, 0.4025]
[0.317, 0.4025, 0.3635]
[0.4025, 0.3635, 0.295]
[0.3635, 0.295, 0.3755]
[0.295, 0.3755, 0.269]
[0.3755, 0.269, 0.2935]
[0.269, 0.2935, 0.2895]
[0.2935, 0.2895, 0.4245]
[0.2895, 0.4245, 0.33199999999999996]
[0.4245, 0.33199999999999996, 0.375]
[0.33199999999999996, 0.375, 0.3835]
[0.375, 0.3835, 0.326]
[0.3835, 0.326, 0.3705]
[0.326, 0.3705, 0.4455]
[0.3705, 0.4455, 0.4495]
[0.4455, 0.4495, 0.3845]
[0.4495, 0.3845, 0.457]
[0.3845, 0.457, 0.4365]
[0.457, 0.4365, 0.44100000000000006]
[0.4365, 0.44100000000000006, 0.4715]
[0.44100000000000006, 0.4715, 0.46399999999999997]
[0.4715, 0.46399999999999997, 0.46950000000000003]
[0.46399999999999997, 0.46950000000000003, 0.505]
[0.46950000000000003, 0.505, 0.554]
[0.505, 0.554, 0.628]
[0.554, 0.628, 0.5995]
[0.628, 0.5995, 0.6015]
[0.5995, 0.6015, 0.586]
[0.6015, 0.586, 0.6]
[0.586, 0.6, 0.572]
[0.6, 0.572, 0.5295]
[0.572, 0.5295, 0.5569999999999999]
[0.5295, 0.5569999999999999, 0.48000000000000004]
[0.5569999999999999, 0.48000000000000004, 0.4935]
[0.48000000000000004, 0.4935, 0.5025000000000001]
[0.4935, 0.5025000000000001, 0.4945]
[0.5025000000000001, 0.4945, 0.476]
[0.4945, 0.476, 0.541]
[0.476, 0.541, 0.479]
[0.541, 0.479, 0.4005]
[0.479, 0.4005, 0.435]
[0.4005, 0.435, 0.489]
[0.435, 0.489, 0.3965]
[0.489, 0.3965, 0.47950000000000004]
[0.3965, 0.47950000000000004, 0.398]
[0.47950000000000004, 0.398, 0.33799999999999997]
[0.398, 0.33799999999999997, 0.42600000000000005]
[0.33799999999999997, 0.42600000000000005, 0.419]
[0.42600000000000005, 0.419, 0.4335]
[0.419, 0.4335, 0.3535]
[0.4335, 0.3535, 0.3615]
[0.3535, 0.3615, 0.2535]
[0.3615, 0.2535, 0.255]
[0.2535, 0.255, 0.251]
[0.255, 0.251, 0.21]
[0.251, 0.21, 0.177]
[0.21, 0.177, 0.179]
[0.177, 0.179, 0.179]
[0.179, 0.179, 0.27349999999999997]
[0.179, 0.27349999999999997, 0.20550000000000002]
[0.27349999999999997, 0.20550000000000002, 0.187]
[0.20550000000000002, 0.187, 0.23500000000000001]
[0.187, 0.23500000000000001, 0.20400000000000001]
[0.23500000000000001, 0.20400000000000001, 0.205]
[0.20400000000000001, 0.205, 0.20550000000000002]
[0.205, 0.20550000000000002, 0.27349999999999997]
[0.20550000000000002, 0.27349999999999997, 0.21749999999999997]
[0.27349999999999997, 0.21749999999999997, 0.229]
[0.21749999999999997, 0.229, 0.2665]
[0.229, 0.2665, 0.2315]
[0.2665, 0.2315, 0.27549999999999997]
[0.2315, 0.27549999999999997, 0.20350000000000001]
[0.27549999999999997, 0.20350000000000001, 0.29600000000000004]
[0.20350000000000001, 0.29600000000000004, 0.21350000000000002]
[0.29600000000000004, 0.21350000000000002, 0.2315]
[0.21350000000000002, 0.2315, 0.277]
[0.2315, 0.277, 0.268]
[0.277, 0.268, 0.2965]
[0.268, 0.2965, 0.33499999999999996]
[0.2965, 0.33499999999999996, 0.33999999999999997]
[0.33499999999999996, 0.33999999999999997, 0.225]
[0.33999999999999997, 0.225, 0.1975]
[0.225, 0.1975, 0.267]
[0.1975, 0.267, 0.209]
[0.267, 0.209, 0.27]
[0.209, 0.27, 0.263]
[0.27, 0.263, 0.29900000000000004]
[0.263, 0.29900000000000004, 0.281]
[0.29900000000000004, 0.281, 0.334]
[0.281, 0.334, 0.264]
[0.334, 0.264, 0.288]
[0.264, 0.288, 0.288]
[0.288, 0.288, 0.2525]
[0.288, 0.2525, 0.2375]
[0.2525, 0.2375, 0.2405]
[0.2375, 0.2405, 0.2365]
[0.2405, 0.2365, 0.2465]
[0.2365, 0.2465, 0.198]
[0.2465, 0.198, 0.305]
[0.198, 0.305, 0.27249999999999996]
[0.305, 0.27249999999999996, 0.3075]
[0.27249999999999996, 0.3075, 0.3035]
[0.3075, 0.3035, 0.308]
[0.3035, 0.308, 0.2485]
[0.308, 0.2485, 0.3145]
[0.2485, 0.3145, 0.269]
[0.3145, 0.269, 0.287]
[0.269, 0.287, 0.242]
[0.287, 0.242, 0.2405]
[0.242, 0.2405, 0.2535]
[0.2405, 0.2535, 0.326]
[0.2535, 0.326, 0.339]
[0.326, 0.339, 0.296]
[0.339, 0.296, 0.35200000000000004]
[0.296, 0.35200000000000004, 0.3575]
[0.35200000000000004, 0.3575, 0.27149999999999996]
[0.3575, 0.27149999999999996, 0.3065]
[0.27149999999999996, 0.3065, 0.2485]
[0.3065, 0.2485, 0.27649999999999997]
[0.2485, 0.27649999999999997, 0.27649999999999997]
[0.27649999999999997, 0.27649999999999997, 0.27549999999999997]
[0.27649999999999997, 0.27549999999999997, 0.27]
[0.27549999999999997, 0.27, 0.296]
[0.27, 0.296, 0.3125]
[0.296, 0.3125, 0.31]
[0.3125, 0.31, 0.34400000000000003]
[0.31, 0.34400000000000003, 0.3225]
[0.34400000000000003, 0.3225, 0.367]
[0.3225, 0.367, 0.3825]
[0.367, 0.3825, 0.3385]
[0.3825, 0.3385, 0.308]
[0.3385, 0.308, 0.317]
[0.308, 0.317, 0.34950000000000003]
[0.317, 0.34950000000000003, 0.31]
[0.34950000000000003, 0.31, 0.3545]
[0.31, 0.3545, 0.35350000000000004]
[0.3545, 0.35350000000000004, 0.3415]
[0.35350000000000004, 0.3415, 0.398]
[0.3415, 0.398, 0.398]
[0.398, 0.398, 0.441]
[0.398, 0.441, 0.369]
[0.441, 0.369, 0.403]
[0.369, 0.403, 0.40850000000000003]
[0.403, 0.40850000000000003, 0.4025]
[0.40850000000000003, 0.4025, 0.39]
[0.4025, 0.39, 0.395]
[0.39, 0.395, 0.3605]
[0.395, 0.3605, 0.35700000000000004]
[0.3605, 0.35700000000000004, 0.37]
[0.35700000000000004, 0.37, 0.4315]
[0.37, 0.4315, 0.3605]
[0.4315, 0.3605, 0.34750000000000003]
[0.3605, 0.34750000000000003, 0.3605]
[0.34750000000000003, 0.3605, 0.394]
[0.3605, 0.394, 0.365]
[0.394, 0.365, 0.43400000000000005]
[0.365, 0.43400000000000005, 0.352]
[0.43400000000000005, 0.352, 0.2605]
[0.352, 0.2605, 0.2825]
[0.2605, 0.2825, 0.354]
[0.2825, 0.354, 0.34]
[0.354, 0.34, 0.34]
[0.34, 0.34, 0.334]
[0.34, 0.334, 0.3035]
[0.334, 0.3035, 0.369]
[0.3035, 0.369, 0.2885]
[0.369, 0.2885, 0.302]
[0.2885, 0.302, 0.34650000000000003]
[0.302, 0.34650000000000003, 0.3115]
[0.34650000000000003, 0.3115, 0.262]
[0.3115, 0.262, 0.27799999999999997]
[0.262, 0.27799999999999997, 0.2825]
[0.27799999999999997, 0.2825, 0.3195]
[0.2825, 0.3195, 0.34]
[0.3195, 0.34, 0.34]
[0.34, 0.34, 0.3155]
[0.34, 0.3155, 0.34]
[0.3155, 0.34, 0.348]
[0.34, 0.348, 0.2905]
[0.348, 0.2905, 0.2815]
[0.2905, 0.2815, 0.288]
[0.2815, 0.288, 0.31]
[0.288, 0.31, 0.3215]
[0.31, 0.3215, 0.28099999999999997]
[0.3215, 0.28099999999999997, 0.3075]
[0.28099999999999997, 0.3075, 0.288]
[0.3075, 0.288, 0.3065]
[0.288, 0.3065, 0.27999999999999997]
[0.3065, 0.27999999999999997, 0.2525]
[0.27999999999999997, 0.2525, 0.27899999999999997]
[0.2525, 0.27899999999999997, 0.289]
[0.27899999999999997, 0.289, 0.3025]
[0.289, 0.3025, 0.284]
[0.3025, 0.284, 0.283]
[0.284, 0.283, 0.283]
[0.283, 0.283, 0.3055]
[0.283, 0.3055, 0.2925]
[0.3055, 0.2925, 0.349]
[0.2925, 0.349, 0.2735]
[0.349, 0.2735, 0.3145]
[0.2735, 0.3145, 0.27899999999999997]
[0.3145, 0.27899999999999997, 0.288]
[0.27899999999999997, 0.288, 0.2865]
[0.288, 0.2865, 0.3735]
[0.2865, 0.3735, 0.3225]
[0.3735, 0.3225, 0.2895]
[0.3225, 0.2895, 0.292]
[0.2895, 0.292, 0.32999999999999996]
[0.292, 0.32999999999999996, 0.34800000000000003]
[0.32999999999999996, 0.34800000000000003, 0.246]
[0.34800000000000003, 0.246, 0.31]
[0.246, 0.31, 0.2815]
[0.31, 0.2815, 0.28150000000000003]
[0.2815, 0.28150000000000003, 0.34800000000000003]
[0.28150000000000003, 0.34800000000000003, 0.34650000000000003]
[0.34800000000000003, 0.34650000000000003, 0.3145]
[0.34650000000000003, 0.3145, 0.341]
[0.3145, 0.341, 0.34500000000000003]
[0.341, 0.34500000000000003, 0.32]
[0.34500000000000003, 0.32, 0.2895]
[0.32, 0.2895, 0.2705]
[0.2895, 0.2705, 0.191]
[0.2705, 0.191, 0.20650000000000002]
[0.191, 0.20650000000000002, 0.243]
[0.20650000000000002, 0.243, 0.313]
[0.243, 0.313, 0.27149999999999996]
[0.313, 0.27149999999999996, 0.349]
[0.27149999999999996, 0.349, 0.28250000000000003]
[0.349, 0.28250000000000003, 0.2575]
[0.28250000000000003, 0.2575, 0.35200000000000004]
[0.2575, 0.35200000000000004, 0.32]
[0.35200000000000004, 0.32, 0.316]
[0.32, 0.316, 0.295]
[0.316, 0.295, 0.31200000000000006]
