[0.3195, 0.2445, 0.314]
[0.2445, 0.314, 0.313]
[0.314, 0.313, 0.3265]
[0.313, 0.3265, 0.321]
[0.3265, 0.321, 0.297]
[0.321, 0.297, 0.271]
[0.297, 0.271, 0.28049999999999997]
[0.271, 0.28049999999999997, 0.2575]
[0.28049999999999997, 0.2575, 0.343]
[0.2575, 0.343, 0.237]
[0.343, 0.237, 0.268]
[0.237, 0.268, 0.23049999999999998]
[0.268, 0.23049999999999998, 0.2625]
[0.23049999999999998, 0.2625, 0.289]
[0.2625, 0.289, 0.2635]
[0.289, 0.2635, 0.2825]
[0.2635, 0.2825, 0.2645]
[0.2825, 0.2645, 0.42100000000000004]
[0.2645, 0.42100000000000004, 0.321]
[0.42100000000000004, 0.321, 0.3165]
[0.321, 0.3165, 0.42400000000000004]
[0.3165, 0.42400000000000004, 0.2945]
[0.42400000000000004, 0.2945, 0.28500000000000003]
[0.2945, 0.28500000000000003, 0.358]
[0.28500000000000003, 0.358, 0.309]
[0.358, 0.309, 0.294]
[0.309, 0.294, 0.3335]
[0.294, 0.3335, 0.296]
[0.3335, 0.296, 0.40950000000000003]
[0.296, 0.40950000000000003, 0.3175]
[0.40950000000000003, 0.3175, 0.2555]
[0.3175, 0.2555, 0.2595]
[0.2555, 0.2595, 0.2855]
[0.2595, 0.2855, 0.319]
[0.2855, 0.319, 0.291]
[0.319, 0.291, 0.317]
[0.291, 0.317, 0.349]
[0.317, 0.349, 0.3555]
[0.349, 0.3555, 0.235]
[0.3555, 0.235, 0.28800000000000003]
[0.235, 0.28800000000000003, 0.315]
[0.28800000000000003, 0.315, 0.28500000000000003]
[0.315, 0.28500000000000003, 0.3175]
[0.28500000000000003, 0.3175, 0.38]
[0.3175, 0.38, 0.315]
[0.38, 0.315, 0.3185]
[0.315, 0.3185, 0.3225]
[0.3185, 0.3225, 0.365]
[0.3225, 0.365, 0.34850000000000003]
[0.365, 0.34850000000000003, 0.28500000000000003]
[0.34850000000000003, 0.28500000000000003, 0.28900000000000003]
[0.28500000000000003, 0.28900000000000003, 0.28200000000000003]
[0.28900000000000003, 0.28200000000000003, 0.28400000000000003]
[0.28200000000000003, 0.28400000000000003, 0.3145]
[0.28400000000000003, 0.3145, 0.3095]
[0.3145, 0.3095, 0.2915]
[0.3095, 0.2915, 0.313]
[0.2915, 0.313, 0.315]
[0.313, 0.315, 0.311]
[0.315, 0.311, 0.2725]
[0.311, 0.2725, 0.2985]
[0.2725, 0.2985, 0.291]
[0.2985, 0.291, 0.315]
[0.291, 0.315, 0.261]
[0.315, 0.261, 0.315]
[0.261, 0.315, 0.313]
[0.315, 0.313, 0.2645]
[0.313, 0.2645, 0.343]
[0.2645, 0.343, 0.3245]
[0.343, 0.3245, 0.2375]
[0.3245, 0.2375, 0.2955]
[0.2375, 0.2955, 0.262]
[0.2955, 0.262, 0.291]
[0.262, 0.291, 0.2395]
[0.291, 0.2395, 0.323]
[0.2395, 0.323, 0.291]
[0.323, 0.291, 0.28500000000000003]
[0.291, 0.28500000000000003, 0.325]
[0.28500000000000003, 0.325, 0.241]
[0.325, 0.241, 0.315]
[0.241, 0.315, 0.216]
[0.315, 0.216, 0.312]
[0.216, 0.312, 0.309]
[0.312, 0.309, 0.274]
[0.309, 0.274, 0.2695]
[0.274, 0.2695, 0.291]
[0.2695, 0.291, 0.316]
[0.291, 0.316, 0.327]
[0.316, 0.327, 0.312]
[0.327, 0.312, 0.273]
[0.312, 0.273, 0.3145]
[0.273, 0.3145, 0.291]
[0.3145, 0.291, 0.2945]
[0.291, 0.2945, 0.278]
[0.2945, 0.278, 0.28500000000000003]
[0.278, 0.28500000000000003, 0.2375]
[0.28500000000000003, 0.2375, 0.289]
[0.2375, 0.289, 0.315]
[0.289, 0.315, 0.2905]
[0.315, 0.2905, 0.2395]
[0.2905, 0.2395, 0.291]
[0.2395, 0.291, 0.326]
[0.291, 0.326, 0.3305]
[0.326, 0.3305, 0.302]
[0.3305, 0.302, 0.299]
[0.302, 0.299, 0.2945]
[0.299, 0.2945, 0.302]
[0.2945, 0.302, 0.2925]
[0.302, 0.2925, 0.23349999999999999]
[0.2925, 0.23349999999999999, 0.311]
[0.23349999999999999, 0.311, 0.299]
[0.311, 0.299, 0.309]
[0.299, 0.309, 0.316]
[0.309, 0.316, 0.309]
[0.316, 0.309, 0.29]
[0.309, 0.29, 0.262]
[0.29, 0.262, 0.272]
[0.262, 0.272, 0.2485]
[0.272, 0.2485, 0.321]
[0.2485, 0.321, 0.259]
[0.321, 0.259, 0.288]
[0.259, 0.288, 0.303]
[0.288, 0.303, 0.321]
[0.303, 0.321, 0.2395]
[0.321, 0.2395, 0.287]
[0.2395, 0.287, 0.311]
[0.287, 0.311, 0.2885]
[0.311, 0.2885, 0.235]
[0.2885, 0.235, 0.327]
[0.235, 0.327, 0.241]
[0.327, 0.241, 0.312]
[0.241, 0.312, 0.26]
[0.312, 0.26, 0.321]
[0.26, 0.321, 0.2965]
[0.321, 0.2965, 0.235]
[0.2965, 0.235, 0.327]
[0.235, 0.327, 0.242]
[0.327, 0.242, 0.224]
[0.242, 0.224, 0.2695]
[0.224, 0.2695, 0.28500000000000003]
[0.2695, 0.28500000000000003, 0.235]
[0.28500000000000003, 0.235, 0.27849999999999997]
[0.235, 0.27849999999999997, 0.2605]
[0.27849999999999997, 0.2605, 0.2595]
[0.2605, 0.2595, 0.24]
[0.2595, 0.24, 0.2855]
[0.24, 0.2855, 0.303]
[0.2855, 0.303, 0.311]
[0.303, 0.311, 0.309]
[0.311, 0.309, 0.28500000000000003]
[0.309, 0.28500000000000003, 0.271]
[0.28500000000000003, 0.271, 0.2945]
[0.271, 0.2945, 0.23399999999999999]
[0.2945, 0.23399999999999999, 0.2965]
[0.23399999999999999, 0.2965, 0.2875]
[0.2965, 0.2875, 0.27649999999999997]
[0.2875, 0.27649999999999997, 0.2395]
[0.27649999999999997, 0.2395, 0.324]
[0.2395, 0.324, 0.241]
[0.324, 0.241, 0.2715]
[0.241, 0.2715, 0.244]
[0.2715, 0.244, 0.3205]
[0.244, 0.3205, 0.2985]
[0.3205, 0.2985, 0.3125]
[0.2985, 0.3125, 0.242]
[0.3125, 0.242, 0.28500000000000003]
[0.242, 0.28500000000000003, 0.242]
[0.28500000000000003, 0.242, 0.2895]
[0.242, 0.2895, 0.238]
[0.2895, 0.238, 0.29500000000000004]
[0.238, 0.29500000000000004, 0.2395]
[0.29500000000000004, 0.2395, 0.29200000000000004]
[0.2395, 0.29200000000000004, 0.20600000000000002]
[0.29200000000000004, 0.20600000000000002, 0.21550000000000002]
[0.20600000000000002, 0.21550000000000002, 0.20400000000000001]
[0.21550000000000002, 0.20400000000000001, 0.255]
[0.20400000000000001, 0.255, 0.2585]
[0.255, 0.2585, 0.2945]
[0.2585, 0.2945, 0.23049999999999998]
[0.2945, 0.23049999999999998, 0.2055]
[0.23049999999999998, 0.2055, 0.2075]
[0.2055, 0.2075, 0.27949999999999997]
[0.2075, 0.27949999999999997, 0.2075]
[0.27949999999999997, 0.2075, 0.23349999999999999]
[0.2075, 0.23349999999999999, 0.238]
[0.23349999999999999, 0.238, 0.22949999999999998]
[0.238, 0.22949999999999998, 0.256]
[0.22949999999999998, 0.256, 0.314]
[0.256, 0.314, 0.2595]
[0.314, 0.2595, 0.251]
[0.2595, 0.251, 0.23149999999999998]
[0.251, 0.23149999999999998, 0.242]
[0.23149999999999998, 0.242, 0.2255]
[0.242, 0.2255, 0.1775]
[0.2255, 0.1775, 0.1105]
[0.1775, 0.1105, 0.198]
[0.1105, 0.198, 0.27149999999999996]
[0.198, 0.27149999999999996, 0.23199999999999998]
[0.27149999999999996, 0.23199999999999998, 0.21450000000000002]
[0.23199999999999998, 0.21450000000000002, 0.07050000000000001]
[0.21450000000000002, 0.07050000000000001, 0.05]
[0.07050000000000001, 0.05, 0.274]
[0.05, 0.274, 0.076]
[0.274, 0.076, 0.2555]
[0.076, 0.2555, 0.22849999999999998]
[0.2555, 0.22849999999999998, 0.26249999999999996]
[0.22849999999999998, 0.26249999999999996, 0.2445]
[0.26249999999999996, 0.2445, 0.198]
[0.2445, 0.198, 0.26]
[0.198, 0.26, 0.2]
[0.26, 0.2, 0.2085]
[0.2, 0.2085, 0.2025]
[0.2085, 0.2025, 0.178]
[0.2025, 0.178, 0.175]
[0.178, 0.175, 0.184]
[0.175, 0.184, 0.1995]
[0.184, 0.1995, 0.1835]
[0.1995, 0.1835, 0.1925]
[0.1835, 0.1925, 0.158]
[0.1925, 0.158, 0.1335]
[0.158, 0.1335, 0.1255]
[0.1335, 0.1255, 0.1045]
[0.1255, 0.1045, 0.14200000000000002]
[0.1045, 0.14200000000000002, 0.10200000000000001]
[0.14200000000000002, 0.10200000000000001, 0.16899999999999998]
[0.10200000000000001, 0.16899999999999998, 0.115]
[0.16899999999999998, 0.115, 0.1435]
[0.115, 0.1435, 0.1855]
[0.1435, 0.1855, 0.1355]
[0.1855, 0.1355, 0.1115]
[0.1355, 0.1115, 0.125]
[0.1115, 0.125, 0.1335]
[0.125, 0.1335, 0.1375]
[0.1335, 0.1375, 0.105]
[0.1375, 0.105, 0.139]
[0.105, 0.139, 0.14450000000000002]
[0.139, 0.14450000000000002, 0.119]
[0.14450000000000002, 0.119, 0.139]
[0.119, 0.139, 0.10500000000000001]
[0.139, 0.10500000000000001, 0.132]
[0.10500000000000001, 0.132, 0.11299999999999999]
[0.132, 0.11299999999999999, 0.14300000000000002]
[0.11299999999999999, 0.14300000000000002, 0.1115]
[0.14300000000000002, 0.1115, 0.0785]
[0.1115, 0.0785, 0.1045]
[0.0785, 0.1045, 0.10650000000000001]
[0.1045, 0.10650000000000001, 0.0795]
[0.10650000000000001, 0.0795, 0.1045]
[0.0795, 0.1045, 0.11399999999999999]
[0.1045, 0.11399999999999999, 0.125]
[0.11399999999999999, 0.125, 0.137]
[0.125, 0.137, 0.1365]
[0.137, 0.1365, 0.14200000000000002]
[0.1365, 0.14200000000000002, 0.2595]
[0.14200000000000002, 0.2595, 0.23500000000000001]
[0.2595, 0.23500000000000001, 0.273]
[0.23500000000000001, 0.273, 0.2645]
[0.273, 0.2645, 0.2345]
[0.2645, 0.2345, 0.22799999999999998]
[0.2345, 0.22799999999999998, 0.281]
[0.22799999999999998, 0.281, 0.21849999999999997]
[0.281, 0.21849999999999997, 0.2495]
[0.21849999999999997, 0.2495, 0.22149999999999997]
[0.2495, 0.22149999999999997, 0.1905]
[0.22149999999999997, 0.1905, 0.249]
[0.1905, 0.249, 0.2595]
[0.249, 0.2595, 0.3255]
[0.2595, 0.3255, 0.3035]
[0.3255, 0.3035, 0.3035]
[0.3035, 0.3035, 0.349]
[0.3035, 0.349, 0.418]
[0.349, 0.418, 0.3955]
[0.418, 0.3955, 0.4125]
[0.3955, 0.4125, 0.39599999999999996]
[0.4125, 0.39599999999999996, 0.393]
[0.39599999999999996, 0.393, 0.3505]
[0.393, 0.3505, 0.413]
[0.3505, 0.413, 0.38949999999999996]
[0.413, 0.38949999999999996, 0.383]
[0.38949999999999996, 0.383, 0.39449999999999996]
[0.383, 0.39449999999999996, 0.40349999999999997]
[0.39449999999999996, 0.40349999999999997, 0.415]
[0.40349999999999997, 0.415, 0.386]
[0.415, 0.386, 0.48450000000000004]
[0.386, 0.48450000000000004, 0.488]
[0.48450000000000004, 0.488, 0.495]
[0.488, 0.495, 0.4805]
[0.495, 0.4805, 0.5135000000000001]
[0.4805, 0.5135000000000001, 0.507]
[0.5135000000000001, 0.507, 0.5095000000000001]
[0.507, 0.5095000000000001, 0.456]
[0.5095000000000001, 0.456, 0.4785]
[0.456, 0.4785, 0.499]
[0.4785, 0.499, 0.473]
[0.499, 0.473, 0.4555]
[0.473, 0.4555, 0.446]
[0.4555, 0.446, 0.46799999999999997]
[0.446, 0.46799999999999997, 0.46449999999999997]
[0.46799999999999997, 0.46449999999999997, 0.495]
[0.46449999999999997, 0.495, 0.45999999999999996]
[0.495, 0.45999999999999996, 0.5045]
[0.45999999999999996, 0.5045, 0.45749999999999996]
[0.5045, 0.45749999999999996, 0.515]
[0.45749999999999996, 0.515, 0.514]
[0.515, 0.514, 0.4975]
[0.514, 0.4975, 0.46799999999999997]
[0.4975, 0.46799999999999997, 0.5095000000000001]
[0.46799999999999997, 0.5095000000000001, 0.488]
[0.5095000000000001, 0.488, 0.528]
[0.488, 0.528, 0.482]
[0.528, 0.482, 0.4815]
[0.482, 0.4815, 0.4455]
[0.4815, 0.4455, 0.4085]
[0.4455, 0.4085, 0.40149999999999997]
[0.4085, 0.40149999999999997, 0.35600000000000004]
[0.40149999999999997, 0.35600000000000004, 0.3235]
[0.35600000000000004, 0.3235, 0.34]
[0.3235, 0.34, 0.3415]
[0.34, 0.3415, 0.3325]
[0.3415, 0.3325, 0.306]
[0.3325, 0.306, 0.287]
[0.306, 0.287, 0.3285]
[0.287, 0.3285, 0.2585]
[0.3285, 0.2585, 0.321]
[0.2585, 0.321, 0.2765]
[0.321, 0.2765, 0.29900000000000004]
[0.2765, 0.29900000000000004, 0.2795]
[0.29900000000000004, 0.2795, 0.294]
[0.2795, 0.294, 0.27699999999999997]
[0.294, 0.27699999999999997, 0.2395]
[0.27699999999999997, 0.2395, 0.23349999999999999]
[0.2395, 0.23349999999999999, 0.2485]
[0.23349999999999999, 0.2485, 0.42900000000000005]
[0.2485, 0.42900000000000005, 0.4105]
[0.42900000000000005, 0.4105, 0.43599999999999994]
[0.4105, 0.43599999999999994, 0.42999999999999994]
[0.43599999999999994, 0.42999999999999994, 0.4505]
[0.42999999999999994, 0.4505, 0.476]
[0.4505, 0.476, 0.48350000000000004]
[0.476, 0.48350000000000004, 0.5095]
[0.48350000000000004, 0.5095, 0.4895]
[0.5095, 0.4895, 0.5085]
[0.4895, 0.5085, 0.496]
[0.5085, 0.496, 0.529]
[0.496, 0.529, 0.502]
[0.529, 0.502, 0.513]
[0.502, 0.513, 0.56]
[0.513, 0.56, 0.521]
[0.56, 0.521, 0.525]
[0.521, 0.525, 0.484]
[0.525, 0.484, 0.505]
[0.484, 0.505, 0.5665]
[0.505, 0.5665, 0.5429999999999999]
[0.5665, 0.5429999999999999, 0.527]
[0.5429999999999999, 0.527, 0.577]
[0.527, 0.577, 0.5954999999999999]
[0.577, 0.5954999999999999, 0.5954999999999999]
[0.5954999999999999, 0.5954999999999999, 0.6005]
[0.5954999999999999, 0.6005, 0.5905]
[0.6005, 0.5905, 0.558]
[0.5905, 0.558, 0.545]
[0.558, 0.545, 0.5025]
[0.545, 0.5025, 0.4385]
[0.5025, 0.4385, 0.4505]
[0.4385, 0.4505, 0.43]
[0.4505, 0.43, 0.4185]
[0.43, 0.4185, 0.287]
[0.4185, 0.287, 0.2525]
[0.287, 0.2525, 0.266]
[0.2525, 0.266, 0.199]
[0.266, 0.199, 0.124]
[0.199, 0.124, 0.187]
[0.124, 0.187, 0.176]
[0.187, 0.176, 0.177]
[0.176, 0.177, 0.18]
[0.177, 0.18, 0.15749999999999997]
[0.18, 0.15749999999999997, 0.178]
[0.15749999999999997, 0.178, 0.1795]
[0.178, 0.1795, 0.23800000000000002]
[0.1795, 0.23800000000000002, 0.233]
[0.23800000000000002, 0.233, 0.212]
[0.233, 0.212, 0.156]
[0.212, 0.156, 0.1535]
[0.156, 0.1535, 0.1135]
